000
6 0 5 0 0 0 0 0 0
0 0 8 0 0 2 0 0 6
0 0 9 0 0 3 5 4 0
0 7 0 3 0 0 0 0 0
8 0 0 0 0 0 7 0 0
0 0 0 0 0 0 0 9 3
3 0 1 0 8 5 0 0 9
0 0 0 0 0 0 0 6 0
0 2 4 0 1 9 0 0 0

001
0 0 5 7 1 9 0 0 0
0 0 0 0 0 0 0 0 0
2 0 0 0 0 0 0 0 0
0 5 0 0 2 0 7 0 6
0 0 0 0 9 0 1 0 0
3 0 0 0 0 0 2 5 0
0 6 4 5 0 1 0 0 7
8 1 0 0 0 3 0 0 5
0 0 0 0 0 2 0 4 0

002
3 0 9 0 0 0 2 0 0
0 0 0 5 0 2 0 0 3
0 0 8 0 0 6 9 4 0
4 7 0 6 0 0 0 0 0
1 0 0 0 0 0 0 0 0
0 0 0 0 0 0 0 0 6
6 0 5 0 1 0 0 0 8
0 0 0 0 0 0 0 3 9
0 2 4 0 5 8 0 0 0

003
0 0 0 0 1 0 0 0 0
5 2 7 0 0 0 0 0 0
0 9 0 3 0 6 0 0 0
0 0 8 0 0 9 4 0 1
1 0 9 0 0 0 6 0 3
0 0 0 0 6 0 2 0 0
0 0 4 0 0 0 3 8 0
9 1 0 8 0 0 5 0 0
3 0 0 2 0 0 0 0 0

004
9 5 4 1 0 0 0 0 3
0 3 7 0 0 0 0 0 6
0 0 0 3 7 0 9 5 0
0 6 0 0 3 5 0 0 0
0 0 3 0 0 9 8 0 2
0 0 0 0 0 0 0 0 7
0 0 0 0 0 6 0 0 8
0 0 0 0 0 0 0 0 0
2 0 0 9 0 0 7 0 0

100
0 0 0 0 8 0 9 0 0
0 0 0 0 8 9 3 0 5
0 0 0 0 0 0 0 2 0
5 0 3 7 0 0 6 0 0
2 0 0 4 0 0 0 0 0
1 0 0 0 0 0 2 5 3
0 0 5 1 0 0 0 0 0
0 7 0 0 2 0 0 4 9
0 6 0 8 0 0 0 1 0

101
0 0 0 0 4 1 7 0 0
0 0 0 0 0 7 2 0 8
0 0 0 0 0 0 0 3 0
0 0 0 4 0 0 9 0 0
3 0 0 1 0 0 0 0 0
5 0 0 0 0 0 3 8 2
0 0 8 5 0 0 0 0 0
0 4 0 0 3 0 0 1 7
0 9 7 6 0 0 0 5 0

102
0 0 0 0 3 0 4 0 0
0 0 0 0 9 4 7 0 0
0 0 0 0 0 0 0 6 0
0 0 0 3 0 0 8 0 0
6 0 0 1 0 0 0 0 0
2 0 0 0 0 0 6 5 7
0 0 5 2 0 0 0 0 0
0 3 0 0 6 0 0 1 4
0 8 4 9 0 0 0 2 0

103
0 0 0 0 2 8 9 0 0
0 0 0 0 0 9 1 0 0
0 0 0 0 0 0 0 4 0
0 0 1 0 0 0 3 0 0
4 0 0 8 0 0 0 0 0
7 0 0 0 0 0 4 5 1
0 0 5 7 0 0 0 0 0
0 2 0 0 4 0 0 8 9
0 3 9 6 0 0 0 7 0

104
0 0 0 0 4 7 9 0 0
0 0 0 0 2 9 1 0 0
0 0 0 0 0 0 0 6 0
3 0 1 0 0 0 8 0 0
6 0 0 7 0 0 0 0 0
5 0 0 0 0 0 6 3 1
0 0 3 5 0 0 0 0 0
0 4 0 1 6 0 0 0 9
0 8 0 0 0 0 0 5 0

200
0 0 0 3 0 9 0 0 0
6 0 0 0 0 0 3 0 0
0 2 5 0 0 0 0 0 0
5 0 6 0 0 7 8 4 0
0 0 0 0 0 2 0 0 0
0 0 0 0 1 0 0 0 0
0 0 9 0 6 0 4 0 0
0 0 3 0 0 1 5 0 0
0 0 7 2 0 0 0 1 6

201
0 4 0 0 0 0 0 9 0
0 0 0 2 0 6 5 0 0
0 0 0 0 3 8 0 0 0
3 0 1 8 0 0 0 0 0
0 0 0 4 0 9 0 0 1
0 0 0 0 2 0 0 6 9
9 0 0 3 0 0 0 0 0
1 0 0 0 0 0 0 5 4
8 0 6 0 0 0 0 0 7

202
0 0 0 0 4 0 1 8 0
0 0 0 9 0 0 0 5 0
0 2 1 3 0 0 0 6 0
0 0 0 0 5 0 0 3 8
0 0 0 1 3 4 0 0 0
0 6 0 0 0 0 0 0 4
7 1 0 0 2 0 8 0 0
0 0 0 4 0 0 0 0 0
4 0 5 0 9 0 2 0 0

203
0 3 0 0 0 0 1 0 0
0 0 0 1 0 7 4 0 0
0 0 0 0 5 6 0 0 0
5 0 9 0 0 0 0 0 0
0 0 0 3 0 8 0 0 9
0 0 0 0 1 0 0 7 8
8 0 0 5 0 9 0 0 0
0 0 2 7 0 0 0 4 0
6 0 7 0 0 0 0 0 2

204
0 0 0 0 0 0 0 8 0
0 0 1 9 0 0 3 4 0
0 8 7 0 3 0 1 0 9
0 0 8 0 0 1 0 5 0
1 2 0 0 5 0 0 0 0
0 0 6 3 0 0 2 1 0
0 0 0 7 0 0 0 3 0
0 6 0 0 9 0 0 0 5
4 0 0 0 0 0 7 0 0

300
0 2 8 0 0 0 0 0 0
0 0 0 0 0 0 0 3 0
0 0 0 0 0 6 1 0 0
8 0 0 0 5 9 0 6 2
0 0 0 0 0 1 0 0 0
0 0 3 0 7 0 0 9 0
0 4 0 0 8 0 0 0 0
0 0 5 9 0 0 6 7 0
1 9 0 5 0 0 0 4 0

301
0 5 3 0 0 0 0 0 0
0 0 0 0 0 0 0 4 0
0 4 0 0 0 2 7 0 0
3 0 0 0 6 0 0 2 5
0 0 0 0 0 7 0 0 0
0 0 4 0 9 0 0 1 0
0 8 0 0 3 0 0 0 0
0 0 6 1 0 0 2 9 0
7 1 0 6 0 0 0 8 0

302
0 7 1 0 0 0 0 0 0
0 0 0 0 0 0 0 6 3
0 6 0 0 0 2 5 0 0
0 0 0 0 4 3 0 2 7
0 0 0 0 0 5 0 0 0
0 0 6 0 9 0 0 3 0
0 8 0 0 1 0 0 0 0
0 0 4 3 0 0 2 9 0
5 0 0 4 0 0 0 8 0

303
7 0 0 0 0 0 4 0 0
0 0 0 3 7 0 0 0 0
0 3 0 4 2 5 0 1 0
0 2 4 0 8 0 0 9 0
0 0 8 6 0 0 0 0 4
0 0 5 0 0 0 0 0 3
0 0 0 0 0 0 0 0 1
0 0 0 0 0 2 6 0 8
1 0 6 0 9 0 0 0 0

304
0 7 2 0 0 0 0 0 0
0 0 0 0 7 0 0 9 0
0 0 0 0 0 4 6 0 0
0 0 0 0 5 8 0 4 7
0 0 0 0 0 6 0 0 0
0 0 9 0 3 0 0 8 0
0 1 0 0 2 0 0 0 0
0 0 5 8 0 0 4 3 0
6 8 0 5 0 0 0 1 0

400
0 0 0 0 0 0 0 0 0
4 0 1 0 0 0 7 0 0
2 5 8 7 0 0 0 1 0
0 0 4 8 5 0 0 0 0
0 0 6 0 9 1 0 0 3
0 0 0 0 0 7 0 9 0
0 6 5 0 0 0 0 0 2
0 0 9 0 8 0 3 0 0
0 0 0 6 0 2 0 0 8

401
0 0 0 0 0 0 0 6 0
3 0 9 0 0 0 2 0 0
1 7 6 2 0 0 0 0 0
0 0 3 6 7 0 0 0 0
0 0 4 0 5 9 0 0 8
0 0 0 0 0 2 0 5 0
0 4 7 0 0 0 0 0 1
0 0 5 0 6 0 8 0 3
0 0 0 4 0 0 0 0 6

402
0 9 5 0 0 0 0 0 0
0 0 0 0 0 0 4 1 0
1 7 0 6 0 0 0 0 0
0 2 0 0 5 8 0 0 0
0 0 0 0 9 0 0 0 2
0 8 0 2 0 0 0 7 0
0 0 9 0 4 6 0 8 0
8 3 0 0 0 3 0 0 1
0 0 0 0 8 0 3 0 0

403
0 7 6 0 0 0 5 0 0
0 0 0 0 0 0 1 9 0
9 8 0 5 0 0 0 0 0
0 0 0 0 6 0 9 0 0
0 0 0 0 7 0 0 0 4
0 3 0 4 0 0 0 8 0
0 0 7 0 1 5 0 3 0
3 5 0 0 0 2 0 0 9
0 0 0 0 3 0 2 0 0

404
0 4 5 0 0 0 9 0 0
0 0 0 0 0 0 6 1 0
1 2 0 9 0 0 0 0 0
0 3 0 0 5 7 0 0 0
0 0 0 0 4 0 0 0 3
0 0 0 3 0 0 0 2 0
0 0 4 0 6 9 0 7 0
7 9 0 0 0 8 0 0 1
0 0 0 0 7 0 8 0 0
